SI physical parameters:
_l = 4.000e-05, 
_L = 2.000e-04, 
_H = 2.000e-04, 
_omega = 1.000e+01, 
_k = 1.000e-16, 
_mu = 7.000e-04, 
_u_x = 1.000e-04, 
_D = 1.000e-12

Coefficients for solver and Pe:
adv_coeff = 0.049999999999999996, 
diff_coeff = 2.5e-06, 
Pe = 19999.999999999996

t=0.000  |v|_max = 0.0000e+00
concentration change = 7.840e-04
t=0.000 | Total Mass in Domain = 0.005673
Vertical concentration profile c(x=0.2, y): [ 1.50433100e-12  9.07362624e-13  3.10394244e-13 -2.86574136e-13
 -8.83542515e-13 -1.48051089e-12 -2.07747927e-12 -2.67444765e-12
 -3.21046477e-12 -2.58840789e-12 -1.96635101e-12 -1.34429413e-12
 -7.22237254e-13 -1.00180375e-13  5.21876504e-13  1.14393338e-12
  2.78878268e-12  1.36387637e-11  2.44887448e-11  3.53387258e-11
  4.61887068e-11  5.70386879e-11  6.78886689e-11  7.87386500e-11
  7.09108447e-11 -4.27577497e-11 -1.56426344e-10 -2.70094939e-10
 -3.83763533e-10 -4.97432127e-10 -6.11100722e-10 -7.24769316e-10
 -6.91115329e-10 -6.81710184e-11  5.54773293e-10  1.17771760e-09
  1.80066191e-09  2.42360623e-09  3.04655054e-09  3.66949485e-09
  3.73534737e-09  2.12992450e-09  5.24501636e-10 -1.08092123e-09
 -2.68634409e-09 -4.29176696e-09 -5.89718982e-09 -7.50261269e-09
 -1.08207622e-08 -1.81352738e-08 -2.54497854e-08 -3.27642970e-08
 -4.00788086e-08 -4.73933202e-08 -5.47078318e-08 -6.20223434e-08
 -2.27970069e-08  1.02859476e-07  2.28515959e-07  3.54172442e-07
  4.79828925e-07  6.05485408e-07  7.31141891e-07  8.56798374e-07
  7.42042150e-07  2.66666863e-07 -2.08708423e-07 -6.84083709e-07
 -1.15945900e-06 -1.63483428e-06 -2.11020957e-06 -2.58558485e-06
  2.18144333e-04  7.09236277e-04  1.20032822e-03  1.69142016e-03
  2.18251211e-03  2.67360405e-03  3.16469600e-03  3.65578794e-03
  1.93449758e-02  5.02322594e-02  8.11195431e-02  1.12006827e-01
  1.42894111e-01  1.73781394e-01  2.04668678e-01  2.35555962e-01
  3.01330012e-01  3.95647781e-01  4.89965551e-01  5.84283320e-01
  6.78601089e-01  7.72918858e-01  8.67236627e-01  9.61554397e-01
  9.42690843e-01  8.48373076e-01  7.54055308e-01  6.59737540e-01
  5.65419772e-01  4.71102004e-01  3.76784236e-01  2.82466468e-01
  2.29378515e-01  1.98491230e-01  1.67603946e-01  1.36716662e-01
  1.05829377e-01  7.49420929e-02  4.40548085e-02  1.31675241e-02
  3.55757392e-03  3.06648117e-03  2.57538842e-03  2.08429567e-03
  1.59320292e-03  1.10211017e-03  6.11017419e-04  1.19924670e-04
 -2.49189589e-06 -2.01640067e-06 -1.54090545e-06 -1.06541022e-06
 -5.89915002e-07 -1.14419779e-07  3.61075443e-07  8.36570666e-07
  8.31228279e-07  7.05676491e-07  5.80124702e-07  4.54572913e-07
  3.29021124e-07  2.03469335e-07  7.79175464e-08 -4.76342425e-08
 -6.02851257e-08 -5.30123198e-08 -4.57395139e-08 -3.84667080e-08
 -3.11939021e-08 -2.39210962e-08 -1.66482902e-08 -9.37548432e-09
 -7.17684714e-09 -5.54200648e-09 -3.90716583e-09 -2.27232517e-09
 -6.37484512e-10  9.97356144e-10  2.63219680e-09  4.26703746e-09
  3.63849798e-09  2.89083322e-09  2.14316847e-09  1.39550372e-09
  6.47838970e-10 -9.98257813e-11 -8.47490533e-10 -1.59515528e-09]
X-integrated concentration profile C(y) = $\int c(x,y), dx$ [ 1.36681103e-12  1.15917193e-12  7.44343017e-13  1.22324279e-13
 -7.06884280e-13 -1.74328266e-12 -2.98687086e-12 -4.43764888e-12
 -5.90618854e-12 -3.44837623e-12 -4.75049192e-13  3.01379258e-12
  7.01814907e-12  1.15380203e-11  1.65734062e-11  2.21243069e-11
  2.61300614e-11  1.06799939e-11 -4.85611969e-12 -2.04782795e-11
 -3.61864855e-11 -5.19807378e-11 -6.78610362e-11 -8.38273808e-11
 -8.74086871e-11 -1.81903992e-11  4.24607350e-11  9.45447154e-11
  1.38061542e-10  1.73011215e-10  1.99393734e-10  2.17209099e-10
  1.81294866e-10 -3.76645472e-11 -2.00809690e-10 -3.08140562e-10
 -3.59657164e-10 -3.55359495e-10 -2.95247556e-10 -1.79321345e-10
  4.24212323e-11  4.11571269e-10  5.80088170e-10  5.47971935e-10
  3.15222565e-10 -1.18159941e-10 -7.52175583e-10 -1.58682436e-09
 -2.11586992e-09 -1.48086071e-09 -5.06369893e-10  8.07602523e-10
  2.46105654e-09  4.45399217e-09  6.78640939e-09  9.45830822e-09
  8.95505232e-09  2.20299691e-09 -4.04440664e-09 -9.78715835e-09
 -1.50252582e-08 -1.97587062e-08 -2.39875024e-08 -2.77116467e-08
 -6.77408589e-09  5.01087804e-08  1.04030737e-07  1.54991785e-07
  2.02991923e-07  2.48031152e-07  2.90109472e-07  3.29226882e-07
  1.66793456e-05  5.32479084e-05  8.98163868e-05  1.26384781e-04
  1.62953090e-04  1.99521315e-04  2.36089456e-04  2.72657512e-04
  1.44738421e-03  3.77467887e-03  6.10197795e-03  8.42928147e-03
  1.07565894e-02  1.30839018e-02  1.54112186e-02  1.77385398e-02
  2.26815518e-02  2.97892714e-02  3.68969904e-02  4.40047087e-02
  5.11124265e-02  5.82201437e-02  6.53278603e-02  7.24355763e-02
  7.10497967e-02  6.39420821e-02  5.68343656e-02  4.97266473e-02
  4.26189270e-02  3.55112049e-02  2.84034808e-02  2.12957549e-02
  1.72847768e-02  1.49574682e-02  1.26301599e-02  1.03028521e-02
  7.97554468e-03  5.64823770e-03  3.32093115e-03  9.93625025e-04
  2.65515689e-04  2.28950869e-04  1.92386071e-04  1.55821294e-04
  1.19256539e-04  8.26918060e-05  4.61270946e-05  9.56240489e-06
  3.27491905e-07  2.79030023e-07  2.30532595e-07  1.81999621e-07
  1.33431102e-07  8.48270373e-08  3.61874268e-08 -1.24877292e-08
 -1.94721040e-08 -1.59413135e-08 -1.23997857e-08 -8.84752059e-09
 -5.28451813e-09 -1.71077834e-09  1.87369877e-09  5.46891321e-09
  5.20134038e-09  4.24530497e-09  3.28755961e-09  2.32810428e-09
  1.36693900e-09  4.04063749e-10 -5.60521458e-10 -1.52681662e-09
 -1.38797274e-09 -1.12542270e-09 -8.62834277e-10 -6.00207453e-10
 -3.37542233e-10 -7.48386175e-11  1.87903394e-10  4.50683801e-10
  3.80540438e-10  2.92863921e-10  2.05298231e-10  1.17843366e-10
  3.04993272e-11 -5.67338855e-11 -1.43856272e-10 -2.30867833e-10]
Vertical concentration profile c(y=0.6, y): [ 1.86470099e-06  1.22306104e-06  5.81421096e-07 -6.02188492e-08
 -7.01858795e-07 -1.34349874e-06 -1.98513869e-06 -2.62677863e-06
  2.13211363e-05  5.12470594e-04  1.00362005e-03  1.49476951e-03
  1.98591897e-03  2.47706842e-03  2.96821788e-03  3.45936734e-03
  6.99012947e-03  3.78774057e-02  6.87646819e-02  9.96519581e-02
  1.30539234e-01  1.61426511e-01  1.92313787e-01  2.23201063e-01
  2.63602913e-01  3.57920681e-01  4.52238449e-01  5.46556217e-01
  6.40873985e-01  7.35191753e-01  8.29509522e-01  9.23827290e-01
  9.80417951e-01  8.86100182e-01  7.91782414e-01  6.97464646e-01
  6.03146878e-01  5.08829110e-01  4.14511342e-01  3.20193574e-01
  2.41733426e-01  2.10846142e-01  1.79958857e-01  1.49071572e-01
  1.18184287e-01  8.72970024e-02  5.64097176e-02  2.55224328e-02
  3.75400580e-03  3.26291374e-03  2.77182168e-03  2.28072962e-03
  1.78963756e-03  1.29854550e-03  8.07453437e-04  3.16361376e-04
 -2.68200784e-06 -2.20642031e-06 -1.73083278e-06 -1.25524525e-06
 -7.79657712e-07 -3.04070179e-07  1.71517354e-07  6.47104887e-07
  8.82190147e-07  7.56521997e-07  6.30853846e-07  5.05185696e-07
  3.79517546e-07  2.53849396e-07  1.28181246e-07  2.51309574e-09
 -6.33285774e-08 -5.60490011e-08 -4.87694247e-08 -4.14898483e-08
 -3.42102719e-08 -2.69306955e-08 -1.96511191e-08 -1.23715427e-08
 -7.92115388e-09 -6.29995267e-09 -4.67875147e-09 -3.05755027e-09
 -1.43634907e-09  1.84852133e-10  1.80605333e-09  3.42725454e-09
  3.81311587e-09  3.18824459e-09  2.56337330e-09  1.93850202e-09
  1.31363074e-09  6.88759453e-10  6.38881690e-11 -5.60983115e-10
 -7.43464825e-10 -6.31020154e-10 -5.18575483e-10 -4.06130811e-10
 -2.93686140e-10 -1.81241468e-10 -6.87967969e-11  4.36478745e-11
  7.65221583e-11  6.65508489e-11  5.65795394e-11  4.66082299e-11
  3.66369204e-11  2.66656109e-11  1.66943014e-11  6.72299195e-12
  3.08321880e-12  2.15696121e-12  1.23070362e-12  3.04446036e-13
 -6.21811551e-13 -1.54806914e-12 -2.47432672e-12 -3.40058431e-12
 -3.21012928e-12 -2.64743671e-12 -2.08474413e-12 -1.52205156e-12
 -9.59358990e-13 -3.96666417e-13  1.66026155e-13  7.28718727e-13
  7.46011074e-13  6.26953364e-13  5.07895654e-13  3.88837944e-13
  2.69780234e-13  1.50722524e-13  3.16648136e-14 -8.73928964e-14
 -9.39431188e-14 -8.06390786e-14 -6.73350385e-14 -5.40309984e-14
 -4.07269583e-14 -2.74229181e-14 -1.41188780e-14 -8.14837868e-16
  8.53937641e-16  1.22990597e-15  1.60587430e-15  1.98184263e-15
  2.35781096e-15  2.73377929e-15  3.10974761e-15  3.48571594e-15
  2.86674249e-15  2.19540367e-15  1.52406486e-15  8.52726045e-16
  1.81387232e-16 -4.89951582e-16 -1.16129040e-15 -1.83262921e-15]
Y-integrated concentration profile C(x) = $\int c(x,y), dy$ [-4.47709127e-08  7.46802167e-09  5.97070426e-08  1.11946150e-07
  1.64185344e-07  2.16424624e-07  2.68663991e-07  3.20903445e-07
  2.21018014e-06  3.87735332e-05  7.53368862e-05  1.11900239e-04
  1.48463592e-04  1.85026944e-04  2.21590297e-04  2.58153649e-04
  5.25232238e-04  2.85254075e-03  5.17984926e-03  7.50715777e-03
  9.83446629e-03  1.21617748e-02  1.44890833e-02  1.68163918e-02
  1.98652720e-02  2.69729931e-02  3.40807142e-02  4.11884353e-02
  4.82961564e-02  5.54038775e-02  6.25115986e-02  6.96193197e-02
  7.38660713e-02  6.67583501e-02  5.96506290e-02  5.25429078e-02
  4.54351867e-02  3.83274655e-02  3.12197444e-02  2.41120232e-02
  1.82069217e-02  1.58796135e-02  1.35523052e-02  1.12249970e-02
  8.89768871e-03  6.57038045e-03  4.24307217e-03  1.91576389e-03
  2.80000959e-04  2.43436657e-04  2.06872356e-04  1.70308058e-04
  1.33743761e-04  9.71794655e-05  6.06151720e-05  2.40508804e-05
  3.47420070e-07  2.98706877e-07  2.50008089e-07  2.01323705e-07
  1.52653726e-07  1.03998151e-07  5.53569804e-08  6.73021431e-09
 -2.08895985e-08 -1.73388418e-08 -1.37861230e-08 -1.02314419e-08
 -6.67479863e-09 -3.11619317e-09  4.44374480e-10  4.00690433e-09
  5.54010945e-09  4.61467420e-09  3.67892396e-09  2.73285873e-09
  1.77647851e-09  8.09783287e-10 -1.67226923e-10 -1.15455213e-09
 -1.51140017e-09 -1.24194059e-09 -9.74783932e-10 -7.09930212e-10
 -4.47379425e-10 -1.87131572e-10  7.08133491e-11  3.26455337e-10
  3.96616807e-10  3.19774640e-10  2.45724525e-10  1.74466461e-10
  1.06000448e-10  4.03264867e-11 -2.25554233e-11 -8.26452820e-11
 -9.56770739e-11 -7.86260789e-11 -6.17223036e-11 -4.49657482e-11
 -2.83564125e-11 -1.18942966e-11  4.42059946e-12  2.05882757e-11
  2.43806188e-11  2.13054271e-11  1.77844975e-11  1.38178299e-11
  9.40542440e-12  4.54728091e-12 -7.56600524e-13 -6.50621992e-12
 -7.75158732e-12 -6.89078691e-12 -5.82973996e-12 -4.56844645e-12
 -3.10690639e-12 -1.44511978e-12  4.16913381e-13  2.47919309e-12
  2.68438170e-12  2.25204089e-12  1.79544049e-12  1.31458050e-12
  8.09460921e-13  2.80081756e-13 -2.73556997e-13 -8.51455338e-13
 -7.98409458e-13 -6.06919506e-13 -4.30896753e-13 -2.70341200e-13
 -1.25252847e-13  4.36830599e-15  1.18522260e-13  2.17209013e-13
  1.69280184e-13  1.07979978e-13  5.76678107e-14  1.83436810e-14
 -9.99241095e-15 -2.73404651e-14 -3.37004815e-14 -2.90724601e-14
 -1.29788122e-14 -2.31359834e-17  8.89367245e-15  1.37716131e-14
  1.46106859e-14  1.14108909e-14  4.17222807e-15 -7.10530255e-15
 -8.96723273e-15 -9.18027572e-15 -8.30021163e-15 -6.32704048e-15
 -3.26076225e-15  8.98623054e-16  6.15111543e-15  1.24967149e-14]
2026-07-22 21:52:38| Saved at t = 0
Step: 0/10.0| time step t=0| Next Save=0.05
Step: 0/10.0| time step t=0| Next Save gaussian=1
t=0.100  |v|_max = 2.4239e+00
concentration change = 7.138e-02
t=0.100 | Total Mass in Domain = 0.005673
2026-07-22 21:52:38| Saved at t = 0.1
Step: 1/10.0| time step t=0.1| Next Save=0.1
Step: 1/10.0| time step t=0.1| Next Save gaussian=1
t=0.200  |v|_max = 3.9220e+00
concentration change = 1.140e-01
t=0.200 | Total Mass in Domain = 0.005673
2026-07-22 21:52:38| Saved at t = 0.2
Step: 2/10.0| time step t=0.2| Next Save=0.15000000000000002
Step: 2/10.0| time step t=0.2| Next Save gaussian=1
t=0.300  |v|_max = 3.9220e+00
concentration change = 1.125e-01
t=0.300 | Total Mass in Domain = 0.005673
2026-07-22 21:52:38| Saved at t = 0.30000000000000004
Step: 3/10.0| time step t=0.30000000000000004| Next Save=0.2
Step: 3/10.0| time step t=0.30000000000000004| Next Save gaussian=1
t=0.400  |v|_max = 2.4239e+00
concentration change = 6.921e-02
t=0.400 | Total Mass in Domain = 0.005674
2026-07-22 21:52:38| Saved at t = 0.4
Step: 4/10.0| time step t=0.4| Next Save=0.25
Step: 4/10.0| time step t=0.4| Next Save gaussian=1
t=0.500  |v|_max = 5.0502e-16
concentration change = 7.661e-04
t=0.500 | Total Mass in Domain = 0.005674
2026-07-22 21:52:38| Saved at t = 0.5
Step: 5/10.0| time step t=0.5| Next Save=0.3
Step: 5/10.0| time step t=0.5| Next Save gaussian=1
t=0.600  |v|_max = 2.4239e+00
concentration change = 6.880e-02
t=0.600 | Total Mass in Domain = 0.005673
2026-07-22 21:52:38| Saved at t = 0.6
Step: 6/10.0| time step t=0.6| Next Save=0.35
Step: 6/10.0| time step t=0.6| Next Save gaussian=1
t=0.700  |v|_max = 3.9220e+00
concentration change = 1.099e-01
t=0.700 | Total Mass in Domain = 0.005673
2026-07-22 21:52:38| Saved at t = 0.7
Step: 7/10.0| time step t=0.7| Next Save=0.39999999999999997
Step: 7/10.0| time step t=0.7| Next Save gaussian=1
t=0.800  |v|_max = 3.9220e+00
concentration change = 1.085e-01
t=0.800 | Total Mass in Domain = 0.005673
2026-07-22 21:52:38| Saved at t = 0.7999999999999999
Step: 8/10.0| time step t=0.7999999999999999| Next Save=0.44999999999999996
Step: 8/10.0| time step t=0.7999999999999999| Next Save gaussian=1
t=0.900  |v|_max = 2.4239e+00
concentration change = 6.671e-02
t=0.900 | Total Mass in Domain = 0.005673
2026-07-22 21:52:39| Saved at t = 0.8999999999999999
Step: 9/10.0| time step t=0.8999999999999999| Next Save=0.49999999999999994
Step: 9/10.0| time step t=0.8999999999999999| Next Save gaussian=1
t=1.000  |v|_max = 4.6727e-15
concentration change = 7.449e-04
t=1.000 | Total Mass in Domain = 0.005673
Target_step=1| Actual_target_step=0.9999999999999999| 1D-norm pressure at t = 0.9999999999999999 is {'pressure': 6.044697134687855e-16, 'concentration': 0.0010241924992691826, 'concentration_sigma': 0.033246887652029135}
Target_step=1| Actual_target_step=0.9999999999999999| 1D-norm concentration at t = 0.9999999999999999 is {'pressure': 6.044697134687855e-16, 'concentration': 0.0010241924992691826, 'concentration_sigma': 0.033246887652029135}
Vertical concentration profile c(x=0.2, y): [-7.10461460e-09 -5.97944145e-09 -4.85426830e-09 -3.72909515e-09
 -2.60392200e-09 -1.47874885e-09 -3.53575705e-10  7.71597445e-10
  1.80442125e-09  1.08260742e-09  3.60793589e-10 -3.61020240e-10
 -1.08283407e-09 -1.80464790e-09 -2.52646173e-09 -3.24827555e-09
 -3.73904175e-09 -2.15037922e-09 -5.61716701e-10  1.02694582e-09
  2.61560834e-09  4.20427087e-09  5.79293339e-09  7.38159591e-09
  7.94738484e-09  2.71689004e-09 -2.51360476e-09 -7.74409956e-09
 -1.29745944e-08 -1.82050892e-08 -2.34355840e-08 -2.86660788e-08
 -2.73511873e-08  1.45249443e-10  2.76416861e-08  5.51381229e-08
  8.26345596e-08  1.10130996e-07  1.37627433e-07  1.65123870e-07
  1.27267284e-07 -1.06648367e-07 -3.40564019e-07 -5.74479670e-07
 -8.08395322e-07 -1.04231097e-06 -1.27622663e-06 -1.51014228e-06
 -1.12649248e-06  6.98143371e-07  2.52277922e-06  4.34741507e-06
  6.17205092e-06  7.99668677e-06  9.82132262e-06  1.16459585e-05
  9.56155960e-06  2.17524833e-07 -9.12650993e-06 -1.84705447e-05
 -2.78145795e-05 -3.71586142e-05 -4.65026490e-05 -5.58466838e-05
 -5.42505939e-05 -3.62443171e-05 -1.82380403e-05 -2.31763519e-07
  1.77745133e-05  3.57807901e-05  5.37870669e-05  7.17933437e-05
  3.63750880e-04  9.90537734e-04  1.61732459e-03  2.24411144e-03
  2.87089829e-03  3.49768515e-03  4.12447200e-03  4.75125886e-03
  2.00698009e-02  5.00800982e-02  8.00903955e-02  1.10100693e-01
  1.40110990e-01  1.70121287e-01  2.00131585e-01  2.30141882e-01
  2.93021737e-01  3.82794868e-01  4.72567998e-01  5.62341128e-01
  6.52114258e-01  7.41887388e-01  8.31660518e-01  9.21433648e-01
  9.03143163e-01  8.12810269e-01  7.22477374e-01  6.32144479e-01
  5.41811584e-01  4.51478690e-01  3.61145795e-01  2.70812900e-01
  2.20322200e-01  1.91284990e-01  1.62247779e-01  1.33210569e-01
  1.04173358e-01  7.51361479e-02  4.60989374e-02  1.70617269e-02
  7.64483095e-03  6.63664123e-03  5.62845151e-03  4.62026179e-03
  3.61207207e-03  2.60388235e-03  1.59569263e-03  5.87502907e-04
  2.70469850e-04  1.83822347e-04  9.71748448e-05  1.05273423e-05
 -7.61201603e-05 -1.62767663e-04 -2.49415165e-04 -3.36062668e-04
 -3.10276058e-04 -2.56380920e-04 -2.02485782e-04 -1.48590644e-04
 -9.46955066e-05 -4.08003688e-05  1.30947691e-05  6.69899070e-05
  6.69478146e-05  5.73873874e-05  4.78269602e-05  3.82665331e-05
  2.87061059e-05  1.91456788e-05  9.58525161e-06  2.48244578e-08
 -1.58720502e-06 -2.31607921e-06 -3.04495339e-06 -3.77382758e-06
 -4.50270176e-06 -5.23157594e-06 -5.96045013e-06 -6.68932431e-06
 -4.23853493e-06 -1.62039483e-06  9.97745272e-07  3.61588537e-06
  6.23402547e-06  8.85216557e-06  1.14703057e-05  1.40884458e-05]
X-integrated concentration profile C(y) = $\int c(x,y), dx$ [ 8.19012617e-09  7.14857013e-09  5.81414239e-09  4.18684297e-09
  2.26667186e-09  5.36290625e-11 -2.45228543e-09 -5.25107160e-09
 -8.03587784e-09 -4.45458164e-09 -1.19191773e-09  1.75211391e-09
  4.37751327e-09  6.68428034e-09  8.67241514e-09  1.03419177e-08
  1.07070043e-08  1.43719783e-09 -5.08711300e-09 -8.86592823e-09
 -9.89924786e-09 -8.18707188e-09 -3.72940030e-09  3.47376688e-09
  1.36748195e-08  2.64419854e-08  2.90808052e-08  2.15912791e-08
  3.97340691e-09 -2.37728113e-08 -6.16473755e-08 -1.09650286e-07
 -1.52027059e-07 -1.32792155e-07 -8.80537325e-08 -1.78117931e-08
  7.79336638e-08  1.99182638e-07  3.45935130e-07  5.18191139e-07
  6.16777748e-07  4.20005538e-07  1.82341662e-07 -9.62138797e-08
 -4.15661086e-07 -7.75999959e-07 -1.17723050e-06 -1.61935270e-06
 -1.73811101e-06 -1.01510729e-06 -2.81785544e-07  4.61854229e-07
  1.21581203e-06  1.98008786e-06  2.75468172e-06  3.53959360e-06
  3.53220373e-06  2.05524619e-06  7.01093985e-07 -5.30252896e-07
 -1.63879445e-06 -2.62453068e-06 -3.48746158e-06 -4.22758715e-06
 -4.65601849e-06 -4.62615934e-06 -4.35357495e-06 -3.83826531e-06
 -3.08023043e-06 -2.07947031e-06 -8.35984947e-07  6.50225662e-07
  1.93834865e-05  5.94890350e-05  9.99557455e-05  1.40783618e-04
  1.81972652e-04  2.23522848e-04  2.65434206e-04  3.07706726e-04
  1.48158183e-03  3.80110022e-03  6.12041884e-03  8.43953770e-03
  1.07584568e-02  1.30771761e-02  1.53956957e-02  1.77140155e-02
  2.26096151e-02  2.96378334e-02  3.66653629e-02  4.36922035e-02
  5.07183554e-02  5.77438184e-02  6.47685926e-02  7.17926779e-02
  7.04564399e-02  6.34883056e-02  5.65203960e-02  4.95527110e-02
  4.25852508e-02  3.56180153e-02  2.86510044e-02  2.16842182e-02
  1.77064236e-02  1.53536725e-02  1.30009272e-02  1.06481879e-02
  8.29545435e-03  5.94272673e-03  3.59000498e-03  1.23728912e-03
  4.80804100e-04  4.14498166e-04  3.48074739e-04  2.81533821e-04
  2.14875410e-04  1.48099506e-04  8.12061106e-05  1.41952228e-05
 -3.03053065e-06 -3.44084346e-06 -3.75645996e-06 -3.97738017e-06
 -4.10360407e-06 -4.13513168e-06 -4.07196298e-06 -3.91409798e-06
 -3.26162948e-06 -2.52460245e-06 -1.83163842e-06 -1.18273739e-06
 -5.77899373e-07 -1.71243531e-08  4.99587664e-07  9.72236678e-07
  9.01955478e-07  7.46741571e-07  6.03759439e-07  4.73009081e-07
  3.54490499e-07  2.48203691e-07  1.54148658e-07  7.23253993e-08
  3.42730266e-08  5.90267544e-10 -3.35238781e-08 -6.80694105e-08
 -1.03046329e-07 -1.38454635e-07 -1.74294327e-07 -2.10565406e-07
 -1.16300781e-07 -2.15909617e-08  6.63067192e-08  1.47392262e-07
  2.21665666e-07  2.89126932e-07  3.49776060e-07  4.03613050e-07]
Vertical concentration profile c(y=0.6, y): [-2.20886479e-04 -2.12152977e-04 -2.03419476e-04 -1.94685975e-04
 -1.85952474e-04 -1.77218973e-04 -1.68485471e-04 -1.59751970e-04
 -9.24144972e-05  1.08839844e-03  2.26921138e-03  3.45002431e-03
  4.63083725e-03  5.81165019e-03  6.99246312e-03  8.17327606e-03
  1.23224923e-02  4.31873377e-02  7.40521832e-02  1.04917029e-01
  1.35781874e-01  1.66646720e-01  1.97511565e-01  2.28376411e-01
  2.67870612e-01  3.56264495e-01  4.44658378e-01  5.33052261e-01
  6.21446144e-01  7.09840027e-01  7.98233910e-01  8.86627794e-01
  9.39740104e-01  8.51726122e-01  7.63712141e-01  6.75698160e-01
  5.87684178e-01  4.99670197e-01  4.11656216e-01  3.23642234e-01
  2.49949799e-01  2.19222001e-01  1.88494203e-01  1.57766405e-01
  1.27038607e-01  9.63108085e-02  6.55830105e-02  3.48552124e-02
  1.28766177e-02  1.13128305e-02  9.74904330e-03  8.18525611e-03
  6.62146893e-03  5.05768175e-03  3.49389457e-03  1.93010739e-03
  8.54268934e-04  6.84620972e-04  5.14973011e-04  3.45325049e-04
  1.75677088e-04  6.02912624e-06 -1.63618835e-04 -3.33266797e-04
 -4.09481053e-04 -3.45544751e-04 -2.81608450e-04 -2.17672148e-04
 -1.53735846e-04 -8.97995445e-05 -2.58632428e-05  3.80730589e-05
  6.92780732e-05  6.04781806e-05  5.16782881e-05  4.28783955e-05
  3.40785030e-05  2.52786104e-05  1.64787178e-05  7.67882528e-06
  2.66378170e-06  1.43358708e-06  2.03392469e-07 -1.02680214e-06
 -2.25699676e-06 -3.48719137e-06 -4.71738598e-06 -5.94758060e-06
 -5.89298470e-06 -4.78719656e-06 -3.68140842e-06 -2.57562029e-06
 -1.46983215e-06 -3.64044014e-07  7.41744123e-07  1.84753226e-06
  2.08605433e-06  1.74639902e-06  1.40674372e-06  1.06708841e-06
  7.27433102e-07  3.87777795e-07  4.81224881e-08 -2.91532819e-07
 -3.77859695e-07 -3.27778954e-07 -2.77698213e-07 -2.27617472e-07
 -1.77536731e-07 -1.27455990e-07 -7.73752495e-08 -2.72945087e-08
 -7.99303345e-09 -1.88267205e-09  4.22768934e-09  1.03380507e-08
  1.64484121e-08  2.25587735e-08  2.86691349e-08  3.47794963e-08
  3.16120150e-08  2.53519195e-08  1.90918240e-08  1.28317284e-08
  6.57163290e-09  3.11537372e-10 -5.94855816e-09 -1.22086537e-08
 -1.18494493e-08 -9.83541982e-09 -7.82139039e-09 -5.80736096e-09
 -3.79333153e-09 -1.77930210e-09  2.34727335e-10  2.24875677e-09
  2.28012380e-09  1.96160923e-09  1.64309466e-09  1.32458009e-09
  1.00606552e-09  6.87550950e-10  3.69036381e-10  5.05218114e-11
 -7.63152494e-12 -3.68558354e-11 -6.60801458e-11 -9.53044563e-11
 -1.24528767e-10 -1.53753077e-10 -1.82977388e-10 -2.12201698e-10
 -1.63890866e-10 -1.11499237e-10 -5.91076086e-11 -6.71597973e-12
  4.56756491e-11  9.80672779e-11  1.50458907e-10  2.02850536e-10]
Y-integrated concentration profile C(x) = $\int c(x,y), dy$ [ 9.83903524e-05  6.27264830e-05  2.70524597e-05 -8.63171751e-06
 -4.43260486e-05 -8.00305336e-05 -1.15745172e-04 -1.51469965e-04
 -1.78875659e-04 -4.90756364e-05  8.07308461e-05  2.10543788e-04
  3.40363191e-04  4.70189053e-04  6.00021374e-04  7.29860156e-04
  1.08609311e-03  3.46567196e-03  5.84525006e-03  8.22482740e-03
  1.06044040e-02  1.29839798e-02  1.53635549e-02  1.77431292e-02
  2.07683020e-02  2.74249679e-02  3.40816208e-02  4.07382608e-02
  4.73948878e-02  5.40515018e-02  6.07081030e-02  6.73646911e-02
  7.13217650e-02  6.45651849e-02  5.78086157e-02  5.10520574e-02
  4.42955100e-02  3.75389735e-02  3.07824479e-02  2.40259332e-02
  1.84191461e-02  1.62327750e-02  1.40464062e-02  1.18600398e-02
  9.67367574e-03  7.48731405e-03  5.30095472e-03  3.11459776e-03
  1.51555008e-03  1.27465054e-03  1.03374835e-03  7.92843516e-04
  5.51936037e-04  3.11025912e-04  7.01131412e-05 -1.70802275e-04
 -3.07701145e-04 -2.53281413e-04 -1.98861759e-04 -1.44442183e-04
 -9.00226866e-05 -3.56032684e-05  1.88160713e-05  7.32353324e-05
  9.84837448e-05  8.04319709e-05  6.23818974e-05  4.43335244e-05
  2.62868518e-05  8.24187963e-06 -9.80139209e-06 -2.78429634e-05
 -3.47635802e-05 -2.82473270e-05 -2.17324277e-05 -1.52188825e-05
 -8.70669114e-06 -2.19585377e-06  4.31362963e-06  1.08217591e-05
  1.28293504e-05  1.03935517e-05  7.95721526e-06  5.52034100e-06
  3.08292893e-06  6.44979043e-07 -1.79350865e-06 -4.23253415e-06
 -4.81307505e-06 -3.89349495e-06 -2.97222610e-06 -2.04926850e-06
 -1.12462217e-06 -1.98287081e-07  7.29736749e-07  1.65944932e-06
  1.81773526e-06  1.46852105e-06  1.11808179e-06  7.66417483e-07
  4.13528127e-07  5.94137204e-08 -2.95925735e-07 -6.52490240e-07
 -6.88148605e-07 -5.53617205e-07 -4.18974102e-07 -2.84219295e-07
 -1.49352785e-07 -1.43745713e-08  1.20715346e-07  2.55916967e-07
  2.58401486e-07  2.05552417e-07  1.53343594e-07  1.01775016e-07
  5.08466845e-08  5.58598302e-10 -4.90892422e-08 -9.80968370e-08
 -9.39517488e-08 -7.31624460e-08 -5.31390849e-08 -3.38816655e-08
 -1.53901877e-08  2.33534833e-09  1.92949427e-08  3.54885954e-08
  3.19106459e-08  2.40440914e-08  1.67290031e-08  9.96538111e-09
  3.75322537e-09 -1.90746412e-09 -7.01668735e-09 -1.15744443e-08
 -9.66091859e-09 -6.93419410e-09 -4.50462910e-09 -2.37222356e-09
 -5.36977508e-10  1.00110907e-09  2.24203618e-09  3.18580380e-09
  2.41966246e-09  1.59947286e-09  9.07104865e-10  3.42558472e-10
 -9.41663191e-11 -4.03069508e-10 -5.84151095e-10 -6.37411080e-10
 -4.00139009e-10 -2.01174399e-10 -5.41243563e-11  4.10111184e-11
  8.42320254e-11  7.55383646e-11  1.49301361e-11 -9.75926602e-11]
2026-07-22 21:52:40| Saved at t = 0.9999999999999999
Step: 10/10.0| time step t=0.9999999999999999| Next Save=0.5499999999999999
Step: 10/10.0| time step t=0.9999999999999999| Next Save gaussian=2
Total runtime: 3.35 s
