changing parameters _u_x to 2.9999999999999997e-05 successfully 

SI physical parameters:
_l = 4.000e-05, 
_L = 2.000e-04, 
_H = 2.000e-04, 
_omega = 1.000e+01, 
_k = 1.000e-16, 
_mu = 7.000e-04, 
_u_x = 3.000e-05, 
_D = 1.000e-12

Coefficients for solver and Pe:
adv_coeff = 0.014999999999999998, 
diff_coeff = 2.5e-06, 
Pe = 5999.999999999998

t=0.000  |v|_max = 0.0000e+00
concentration change = 3.221e-04
t=0.000 | Total Mass in Domain = 0.010155
Vertical concentration profile c(x=0.2, y): [ 5.56840664e-09  2.30399331e-09 -9.60420023e-10 -4.22483335e-09
 -7.48924668e-09 -1.07536600e-08 -1.40180733e-08 -1.72824867e-08
 -2.05469000e-08 -2.38113133e-08 -2.70757267e-08 -3.03401400e-08
 -3.36045533e-08 -3.68689667e-08 -4.01333800e-08 -4.33977933e-08
 -4.47156456e-08 -2.85144489e-08 -1.23132522e-08  3.88794459e-09
  2.00891413e-08  3.62903381e-08  5.24915348e-08  6.86927316e-08
  8.48939283e-08  1.01095125e-07  1.17296322e-07  1.33497519e-07
  1.49698715e-07  1.65899912e-07  1.82101109e-07  1.98302306e-07
  2.07159691e-07  1.86641832e-07  1.66123972e-07  1.45606113e-07
  1.25088253e-07  1.04570394e-07  8.40525347e-08  6.35346753e-08
  4.30168159e-08  2.24989565e-08  1.98109715e-09 -1.85367622e-08
 -3.90546216e-08 -5.95724810e-08 -8.00903404e-08 -1.00608200e-07
 -2.59000656e-07 -7.39100505e-07 -1.21920035e-06 -1.69930020e-06
 -2.17940005e-06 -2.65949990e-06 -3.13959975e-06 -3.61969960e-06
 -4.09979945e-06 -4.57989930e-06 -5.05999915e-06 -5.54009900e-06
 -6.02019885e-06 -6.50029870e-06 -6.98039855e-06 -7.46049840e-06
  9.18138430e-05  3.40719846e-04  5.89625849e-04  8.38531853e-04
  1.08743786e-03  1.33634386e-03  1.58524986e-03  1.83415587e-03
  2.08306187e-03  2.33196787e-03  2.58087387e-03  2.82977988e-03
  3.07868588e-03  3.32759188e-03  3.57649789e-03  3.82540389e-03
  3.52639035e-02  9.78919966e-02  1.60520090e-01  2.23148183e-01
  2.85776276e-01  3.48404369e-01  4.11032462e-01  4.73660556e-01
  5.36288649e-01  5.98916742e-01  6.61544835e-01  7.24172928e-01
  7.86801021e-01  8.49429114e-01  9.12057208e-01  9.74685301e-01
  9.62159664e-01  8.99531541e-01  8.36903417e-01  7.74275294e-01
  7.11647170e-01  6.49019047e-01  5.86390923e-01  5.23762800e-01
  4.61134676e-01  3.98506553e-01  3.35878430e-01  2.73250306e-01
  2.10622183e-01  1.47994059e-01  8.53659358e-02  2.27378123e-02
  3.77516025e-03  3.52628160e-03  3.27740294e-03  3.02852428e-03
  2.77964562e-03  2.53076696e-03  2.28188830e-03  2.03300964e-03
  1.78413098e-03  1.53525233e-03  1.28637367e-03  1.03749501e-03
  7.88616350e-04  5.39737691e-04  2.90859032e-04  4.19803737e-05
 -7.40288156e-06 -6.91228596e-06 -6.42169036e-06 -5.93109476e-06
 -5.44049915e-06 -4.94990355e-06 -4.45930795e-06 -3.96871235e-06
 -3.47811674e-06 -2.98752114e-06 -2.49692554e-06 -2.00632994e-06
 -1.51573433e-06 -1.02513873e-06 -5.34543130e-07 -4.39475275e-08
  2.42292862e-08  4.54706790e-08  6.67120717e-08  8.79534645e-08
  1.09194857e-07  1.30436250e-07  1.51677643e-07  1.72919036e-07
  1.94160428e-07  2.15401821e-07  2.36643214e-07  2.57884607e-07
  2.79125999e-07  3.00367392e-07  3.21608785e-07  3.42850178e-07]
X-integrated concentration profile C(y) = $\int c(x,y), dx$ [-1.73943096e-09 -2.30025062e-09 -2.60531317e-09 -2.65461862e-09
 -2.44816697e-09 -1.98595822e-09 -1.26799236e-09 -2.94269391e-10
  9.35210677e-10  2.42044785e-09  4.16144213e-09  6.15819351e-09
  8.41070199e-09  1.09189676e-08  1.36829903e-08  1.67027701e-08
  1.95181901e-08  1.79333065e-08  1.53210337e-08  1.16813716e-08
  7.01432028e-09  1.31987974e-09 -5.40195005e-09 -1.31511691e-08
 -2.19277773e-08 -3.17317748e-08 -4.25631616e-08 -5.44219375e-08
 -6.73081027e-08 -8.12216572e-08 -9.61626009e-08 -1.12130934e-07
 -1.20812680e-07 -9.53659873e-08 -6.72485943e-08 -3.64605007e-08
 -3.00170668e-09  3.31277878e-08  7.19279828e-08  1.13398878e-07
  1.57540474e-07  2.04352770e-07  2.53835767e-07  3.05989465e-07
  3.60813862e-07  4.18308960e-07  4.78474759e-07  5.41311258e-07
  5.38313083e-07  3.73959609e-07  2.09070018e-07  4.36443118e-08
 -1.22317511e-07 -2.88815449e-07 -4.55849504e-07 -6.23419675e-07
 -7.91525961e-07 -9.60168364e-07 -1.12934688e-06 -1.29906152e-06
 -1.46931227e-06 -1.64009914e-06 -1.81142212e-06 -1.98328122e-06
  7.88822440e-06  3.30582954e-05  5.82130903e-05  8.33526091e-05
  1.08476852e-04  1.33585819e-04  1.58679509e-04  1.83757924e-04
  2.08821063e-04  2.33868925e-04  2.58901512e-04  2.83918823e-04
  3.08920857e-04  3.33907615e-04  3.58879098e-04  3.83835304e-04
  3.53267590e-03  9.84495522e-03  1.61572422e-02  2.24695368e-02
  2.87818391e-02  3.50941490e-02  4.14064666e-02  4.77187919e-02
  5.40311247e-02  6.03434653e-02  6.66558135e-02  7.29681693e-02
  7.92805328e-02  8.55929040e-02  9.19052828e-02  9.82176692e-02
  9.69869452e-02  9.06745509e-02  8.43621672e-02  7.80497939e-02
  7.17374312e-02  6.54250789e-02  5.91127372e-02  5.28004059e-02
  4.64880852e-02  4.01757750e-02  3.38634752e-02  2.75511860e-02
  2.12389073e-02  1.49266390e-02  8.61438131e-03  2.30213409e-03
  3.79082667e-04  3.54056651e-04  3.29025136e-04  3.03988124e-04
  2.78945613e-04  2.53897604e-04  2.28844097e-04  2.03785091e-04
  1.78720588e-04  1.53650586e-04  1.28575086e-04  1.03494088e-04
  7.84075922e-05  5.33155979e-05  2.82181055e-05  3.11511483e-06
 -1.82050467e-06 -1.67301193e-06 -1.52390384e-06 -1.37318040e-06
 -1.22084161e-06 -1.06688748e-06 -9.11317990e-07 -7.54133155e-07
 -5.95332970e-07 -4.34917436e-07 -2.72886552e-07 -1.09240319e-07
  5.60212640e-08  2.22898196e-07  3.91390478e-07  5.61498108e-07
  5.31653529e-07  4.79031914e-07  4.25980077e-07  3.72498020e-07
  3.18585742e-07  2.64243243e-07  2.09470523e-07  1.54267582e-07
  9.86344199e-08  4.25710371e-08 -1.39225667e-08 -7.08463913e-08
 -1.28200437e-07 -1.85984703e-07 -2.44199191e-07 -3.02843899e-07]
Vertical concentration profile c(y=0.6, y): [-1.59551276e-05  2.33734857e-04  4.83424842e-04  7.33114827e-04
  9.82804812e-04  1.23249480e-03  1.48218478e-03  1.73187477e-03
  1.98156475e-03  2.23125474e-03  2.48094472e-03  2.73063471e-03
  2.98032469e-03  3.23001468e-03  3.47970466e-03  3.72939464e-03
  1.02168982e-02  7.28447235e-02  1.35472549e-01  1.98100374e-01
  2.60728199e-01  3.23356025e-01  3.85983850e-01  4.48611675e-01
  5.11239501e-01  5.73867326e-01  6.36495151e-01  6.99122977e-01
  7.61750802e-01  8.24378627e-01  8.87006452e-01  9.49634278e-01
  9.87210923e-01  9.24582846e-01  8.61954770e-01  7.99326693e-01
  7.36698616e-01  6.74070540e-01  6.11442463e-01  5.48814387e-01
  4.86186310e-01  4.23558233e-01  3.60930157e-01  2.98302080e-01
  2.35674004e-01  1.73045927e-01  1.10417850e-01  4.77897737e-02
  3.87543878e-03  3.62650103e-03  3.37756329e-03  3.12862554e-03
  2.87968780e-03  2.63075005e-03  2.38181230e-03  2.13287456e-03
  1.88393681e-03  1.63499907e-03  1.38606132e-03  1.13712357e-03
  8.88185828e-04  6.39248082e-04  3.90310336e-04  1.41372590e-04
 -7.79084632e-06 -7.29281935e-06 -6.79479238e-06 -6.29676541e-06
 -5.79873844e-06 -5.30071147e-06 -4.80268450e-06 -4.30465754e-06
 -3.80663057e-06 -3.30860360e-06 -2.81057663e-06 -2.31254966e-06
 -1.81452269e-06 -1.31649572e-06 -8.18468755e-07 -3.20441787e-07
 -6.21014609e-08 -4.34477780e-08 -2.47940951e-08 -6.14041227e-09
  1.25132706e-08  3.11669535e-08  4.98206364e-08  6.84743192e-08
  8.71280021e-08  1.05781685e-07  1.24435368e-07  1.43089051e-07
  1.61742734e-07  1.80396417e-07  1.99050099e-07  2.17703782e-07
  2.14646859e-07  1.97116199e-07  1.79585538e-07  1.62054877e-07
  1.44524217e-07  1.26993556e-07  1.09462896e-07  9.19322353e-08
  7.44015748e-08  5.68709143e-08  3.93402537e-08  2.18095932e-08
  4.27893267e-09 -1.32517279e-08 -3.07823884e-08 -4.83130489e-08
 -5.09091602e-08 -4.71047503e-08 -4.33003404e-08 -3.94959305e-08
 -3.56915206e-08 -3.18871108e-08 -2.80827009e-08 -2.42782910e-08
 -2.04738811e-08 -1.66694712e-08 -1.28650613e-08 -9.06065147e-09
 -5.25624158e-09 -1.45183170e-09  2.35257818e-09  6.15698806e-09
  6.56025493e-09  6.11323605e-09  5.66621717e-09  5.21919828e-09
  4.77217940e-09  4.32516052e-09  3.87814163e-09  3.43112275e-09
  2.98410387e-09  2.53708498e-09  2.09006610e-09  1.64304721e-09
  1.19602833e-09  7.49009448e-10  3.01990564e-10 -1.45028319e-10
 -1.99561426e-10 -2.10485003e-10 -2.21408580e-10 -2.32332156e-10
 -2.43255733e-10 -2.54179309e-10 -2.65102886e-10 -2.76026463e-10
 -2.86950039e-10 -2.97873616e-10 -3.08797193e-10 -3.19720769e-10
 -3.30644346e-10 -3.41567922e-10 -3.52491499e-10 -3.63415076e-10]
Y-integrated concentration profile C(x) = $\int c(x,y), dy$ [-3.69709165e-06  2.15062550e-05  4.67095964e-05  7.19129326e-05
  9.71162637e-05  1.22319589e-04  1.47522910e-04  1.72726225e-04
  1.97929536e-04  2.23132841e-04  2.48336140e-04  2.73539435e-04
  2.98742724e-04  3.23946009e-04  3.49149288e-04  3.74352561e-04
  1.03221627e-03  7.34448257e-03  1.36567487e-02  1.99690145e-02
  2.62812802e-02  3.25935457e-02  3.89058110e-02  4.52180760e-02
  5.15303409e-02  5.78426056e-02  6.41548700e-02  7.04671343e-02
  7.67793983e-02  8.30916622e-02  8.94039258e-02  9.57161892e-02
  9.94876605e-02  9.31753638e-02  8.68630676e-02  8.05507721e-02
  7.42384771e-02  6.79261828e-02  6.16138890e-02  5.53015958e-02
  4.89893032e-02  4.26770112e-02  3.63647199e-02  3.00524290e-02
  2.37401388e-02  1.74278492e-02  1.11155602e-02  4.80327177e-03
  3.89013875e-04  3.63950869e-04  3.38888219e-04  3.13825926e-04
  2.88763988e-04  2.63702407e-04  2.38641183e-04  2.13580314e-04
  1.88519802e-04  1.63459646e-04  1.38399847e-04  1.13340403e-04
  8.82813159e-05  6.32225850e-05  3.81642103e-05  1.31061919e-05
 -1.80381385e-06 -1.65091040e-06 -1.49874242e-06 -1.34730992e-06
 -1.19661290e-06 -1.04665136e-06 -8.97425292e-07 -7.48934706e-07
 -6.01179600e-07 -4.54159972e-07 -3.07875822e-07 -1.62327152e-07
 -1.75139594e-08  1.26563754e-07  2.69905989e-07  4.12512746e-07
  4.64774694e-07  4.27957222e-07  3.90877073e-07  3.53534246e-07
  3.15928741e-07  2.78060558e-07  2.39929698e-07  2.01536159e-07
  1.62879943e-07  1.23961050e-07  8.47794782e-08  4.53352289e-08
  5.62830183e-09 -3.43413030e-08 -7.45735856e-08 -1.15068546e-07
 -1.25659958e-07 -1.16473877e-07 -1.07070273e-07 -9.74491463e-08
 -8.76104963e-08 -7.75543234e-08 -6.72806274e-08 -5.67894085e-08
 -4.60806665e-08 -3.51544016e-08 -2.40106136e-08 -1.26493027e-08
 -1.07046870e-09  1.07258883e-08  2.27397682e-08  3.49711712e-08
  3.65229363e-08  3.35650787e-08  3.05824145e-08  2.75749437e-08
  2.45426664e-08  2.14855825e-08  1.84036920e-08  1.52969949e-08
  1.21654913e-08  9.00918114e-09  5.82806440e-09  2.62214109e-09
 -6.08588792e-10 -3.86412524e-09 -7.14446825e-09 -1.04496178e-08
 -1.02630055e-08 -9.24549402e-09 -8.24831887e-09 -7.27148005e-09
 -6.31497756e-09 -5.37881140e-09 -4.46298156e-09 -3.56748804e-09
 -2.69233086e-09 -1.83751000e-09 -1.00302547e-09 -1.88877261e-10
  6.04934618e-10  1.37841017e-09  2.13154940e-09  2.86435230e-09
  2.61200835e-09  2.26824967e-09  1.93916925e-09  1.62476710e-09
  1.32504321e-09  1.03999759e-09  7.69630235e-10  5.13941147e-10
  2.72930325e-10  4.65977680e-11 -1.65056523e-10 -3.62032547e-10
 -5.44330306e-10 -7.11949799e-10 -8.64891026e-10 -1.00315399e-09]
2026-07-22 21:52:32| Saved at t = 0
Step: 0/10.0| time step t=0| Next Save=0.05
Step: 0/10.0| time step t=0| Next Save gaussian=1
t=0.100  |v|_max = 2.0244e+00
concentration change = 1.165e-02
t=0.100 | Total Mass in Domain = 0.010155
2026-07-22 21:52:32| Saved at t = 0.1
Step: 1/10.0| time step t=0.1| Next Save=0.1
Step: 1/10.0| time step t=0.1| Next Save gaussian=1
t=0.200  |v|_max = 3.2755e+00
concentration change = 1.882e-02
t=0.200 | Total Mass in Domain = 0.010155
2026-07-22 21:52:32| Saved at t = 0.2
Step: 2/10.0| time step t=0.2| Next Save=0.15000000000000002
Step: 2/10.0| time step t=0.2| Next Save gaussian=1
t=0.300  |v|_max = 3.2755e+00
concentration change = 1.880e-02
t=0.300 | Total Mass in Domain = 0.010156
2026-07-22 21:52:32| Saved at t = 0.30000000000000004
Step: 3/10.0| time step t=0.30000000000000004| Next Save=0.2
Step: 3/10.0| time step t=0.30000000000000004| Next Save gaussian=1
t=0.400  |v|_max = 2.0244e+00
concentration change = 1.162e-02
t=0.400 | Total Mass in Domain = 0.010156
2026-07-22 21:52:32| Saved at t = 0.4
Step: 4/10.0| time step t=0.4| Next Save=0.25
Step: 4/10.0| time step t=0.4| Next Save gaussian=1
t=0.500  |v|_max = 4.2178e-16
concentration change = 3.188e-04
t=0.500 | Total Mass in Domain = 0.010156
2026-07-22 21:52:32| Saved at t = 0.5
Step: 5/10.0| time step t=0.5| Next Save=0.3
Step: 5/10.0| time step t=0.5| Next Save gaussian=1
t=0.600  |v|_max = 2.0244e+00
concentration change = 1.158e-02
t=0.600 | Total Mass in Domain = 0.010156
2026-07-22 21:52:33| Saved at t = 0.6
Step: 6/10.0| time step t=0.6| Next Save=0.35
Step: 6/10.0| time step t=0.6| Next Save gaussian=1
t=0.700  |v|_max = 3.2755e+00
concentration change = 1.874e-02
t=0.700 | Total Mass in Domain = 0.010155
2026-07-22 21:52:33| Saved at t = 0.7
Step: 7/10.0| time step t=0.7| Next Save=0.39999999999999997
Step: 7/10.0| time step t=0.7| Next Save gaussian=1
t=0.800  |v|_max = 3.2755e+00
concentration change = 1.873e-02
t=0.800 | Total Mass in Domain = 0.010155
2026-07-22 21:52:33| Saved at t = 0.7999999999999999
Step: 8/10.0| time step t=0.7999999999999999| Next Save=0.44999999999999996
Step: 8/10.0| time step t=0.7999999999999999| Next Save gaussian=1
t=0.900  |v|_max = 2.0244e+00
concentration change = 1.157e-02
t=0.900 | Total Mass in Domain = 0.010155
2026-07-22 21:52:33| Saved at t = 0.8999999999999999
Step: 9/10.0| time step t=0.8999999999999999| Next Save=0.49999999999999994
Step: 9/10.0| time step t=0.8999999999999999| Next Save gaussian=1
t=1.000  |v|_max = 3.9026e-15
concentration change = 3.204e-04
t=1.000 | Total Mass in Domain = 0.010155
Target_step=1| Actual_target_step=0.9999999999999999| 1D-norm pressure at t = 0.9999999999999999 is {'pressure': 6.044261265293688e-16, 'concentration': 0.0012320645158524915, 'concentration_sigma': 0.09025617426590277}
Target_step=1| Actual_target_step=0.9999999999999999| 1D-norm concentration at t = 0.9999999999999999 is {'pressure': 6.044261265293688e-16, 'concentration': 0.0012320645158524915, 'concentration_sigma': 0.09025617426590277}
Vertical concentration profile c(x=0.2, y): [ 8.44041637e-08  3.04603232e-08 -2.34835173e-08 -7.74273578e-08
 -1.31371198e-07 -1.85315039e-07 -2.39258879e-07 -2.93202720e-07
 -3.47146560e-07 -4.01090401e-07 -4.55034241e-07 -5.08978082e-07
 -5.62921922e-07 -6.16865763e-07 -6.70809603e-07 -7.24753444e-07
 -7.51027426e-07 -5.28272680e-07 -3.05517934e-07 -8.27631881e-08
  1.39991558e-07  3.62746304e-07  5.85501050e-07  8.08255796e-07
  1.03101054e-06  1.25376529e-06  1.47652003e-06  1.69927478e-06
  1.92202953e-06  2.14478427e-06  2.36753902e-06  2.59029376e-06
  2.63758166e-06  1.98300216e-06  1.32842265e-06  6.73843148e-07
  1.92636448e-08 -6.35315859e-07 -1.28989536e-06 -1.94447487e-06
 -2.59905437e-06 -3.25363387e-06 -3.90821338e-06 -4.56279288e-06
 -5.21737238e-06 -5.87195189e-06 -6.52653139e-06 -7.18111090e-06
 -7.96004523e-06 -9.02914083e-06 -1.00982364e-05 -1.11673320e-05
 -1.22364276e-05 -1.33055232e-05 -1.43746188e-05 -1.54437144e-05
 -1.65128100e-05 -1.75819056e-05 -1.86510012e-05 -1.97200968e-05
 -2.07891924e-05 -2.18582880e-05 -2.29273836e-05 -2.39964792e-05
  9.47401363e-05  3.93185319e-04  6.91630501e-04  9.90075683e-04
  1.28852087e-03  1.58696605e-03  1.88541123e-03  2.18385641e-03
  2.48230159e-03  2.78074678e-03  3.07919196e-03  3.37763714e-03
  3.67608232e-03  3.97452751e-03  4.27297269e-03  4.57141787e-03
  3.58980687e-02  9.82529251e-02  1.60607781e-01  2.22962638e-01
  2.85317494e-01  3.47672351e-01  4.10027207e-01  4.72382064e-01
  5.34736920e-01  5.97091776e-01  6.59446633e-01  7.21801489e-01
  7.84156346e-01  8.46511202e-01  9.08866058e-01  9.71220915e-01
  9.58752524e-01  8.96401969e-01  8.34051413e-01  7.71700858e-01
  7.09350303e-01  6.46999747e-01  5.84649192e-01  5.22298637e-01
  4.59948081e-01  3.97597526e-01  3.35246971e-01  2.72896416e-01
  2.10545860e-01  1.48195305e-01  8.58447495e-02  2.34941942e-02
  4.58363547e-03  4.29021814e-03  3.99680081e-03  3.70338348e-03
  3.40996615e-03  3.11654882e-03  2.82313149e-03  2.52971416e-03
  2.23629683e-03  1.94287950e-03  1.64946218e-03  1.35604485e-03
  1.06262752e-03  7.69210188e-04  4.75792859e-04  1.82375530e-04
  1.16122234e-04  1.06659946e-04  9.71976582e-05  8.77353703e-05
  7.82730824e-05  6.88107945e-05  5.93485066e-05  4.98862187e-05
  4.04239307e-05  3.09616428e-05  2.14993549e-05  1.20370670e-05
  2.57477909e-06 -6.88750883e-06 -1.63497967e-05 -2.58120847e-05
 -2.56156491e-05 -2.43460220e-05 -2.30763950e-05 -2.18067679e-05
 -2.05371408e-05 -1.92675138e-05 -1.79978867e-05 -1.67282596e-05
 -1.54586326e-05 -1.41890055e-05 -1.29193785e-05 -1.16497514e-05
 -1.03801243e-05 -9.11049726e-06 -7.84087020e-06 -6.57124313e-06]
X-integrated concentration profile C(y) = $\int c(x,y), dx$ [-6.07639925e-08 -8.10210976e-08 -9.26463135e-08 -9.56396402e-08
 -9.00010777e-08 -7.57306261e-08 -5.28282854e-08 -2.12940555e-08
  1.88720636e-08  6.76700719e-08  1.25099969e-07  1.91161756e-07
  2.65855432e-07  3.49180996e-07  4.41138450e-07  5.41727794e-07
  6.35780507e-07  5.87675240e-07  5.16768742e-07  4.23061014e-07
  3.06552055e-07  1.67241865e-07  5.13044429e-09 -1.79782207e-07
 -3.87496090e-07 -6.18011203e-07 -8.71327547e-07 -1.14744512e-06
 -1.44636393e-06 -1.76808396e-06 -2.11260523e-06 -2.47992773e-06
 -2.70409280e-06 -2.25356088e-06 -1.76024029e-06 -1.22413102e-06
 -6.45233074e-07 -2.35464583e-08  6.40928832e-07  1.34819280e-06
  2.09824543e-06  2.89108674e-06  3.72671673e-06  4.60513539e-06
  5.52634272e-06  6.49033872e-06  7.49712340e-06  8.54669676e-06
  8.63587884e-06  6.36583739e-06  4.11198227e-06  1.87431346e-06
 -3.47169034e-07 -2.55246520e-06 -4.74157505e-06 -6.91449858e-06
 -9.07123580e-06 -1.12117867e-05 -1.33361513e-05 -1.54443295e-05
 -1.75363214e-05 -1.96121271e-05 -2.16717463e-05 -2.37151793e-05
 -1.21884765e-05  1.99231783e-05  5.18368323e-05  8.35524855e-05
  1.15070138e-04  1.46389789e-04  1.77511440e-04  2.08435090e-04
  2.39160739e-04  2.69688387e-04  3.00018034e-04  3.30149681e-04
  3.60083327e-04  3.89818972e-04  4.19356616e-04  4.48696259e-04
  3.59322638e-03  9.89253676e-03  1.61919541e-02  2.24914784e-02
  2.87911097e-02  3.50908479e-02  4.13906930e-02  4.76906452e-02
  5.39907043e-02  6.02908703e-02  6.65911433e-02  7.28915233e-02
  7.91920102e-02  8.54926041e-02  9.17933049e-02  9.80941127e-02
  9.68671176e-02  9.05687206e-02  8.42703051e-02  7.79718710e-02
  7.16734185e-02  6.53749474e-02  5.90764578e-02  5.27779497e-02
  4.64794231e-02  4.01808779e-02  3.38823143e-02  2.75837321e-02
  2.12851314e-02  1.49865122e-02  8.68787450e-03  2.38921827e-03
  4.64874055e-04  4.32214684e-04  3.99682046e-04  3.67276140e-04
  3.34996966e-04  3.02844524e-04  2.70818815e-04  2.38919837e-04
  2.07147592e-04  1.75502079e-04  1.43983298e-04  1.12591250e-04
  8.13259329e-05  5.01873485e-05  1.91754962e-05 -1.17096239e-05
 -1.63829261e-05 -1.45267097e-05 -1.27564972e-05 -1.10722886e-05
 -9.47408378e-06 -7.96188285e-06 -6.53568578e-06 -5.19549257e-06
 -3.94130322e-06 -2.77311773e-06 -1.69093610e-06 -6.94758336e-07
  2.15415570e-07  1.03958562e-06  1.77775180e-06  2.42991413e-06
  2.08556962e-06  1.67327741e-06  1.30840540e-06  9.90953594e-07
  7.20921995e-07  4.98310601e-07  3.23119413e-07  1.95348431e-07
  1.14997655e-07  8.20670836e-08  9.65567182e-08  1.58466558e-07
  2.67796604e-07  4.24546856e-07  6.28717313e-07  8.80307976e-07]
Vertical concentration profile c(y=0.6, y): [-1.22984426e-04  2.03409377e-04  5.29803181e-04  8.56196985e-04
  1.18259079e-03  1.50898459e-03  1.83537840e-03  2.16177220e-03
  2.48816601e-03  2.81455981e-03  3.14095361e-03  3.46734742e-03
  3.79374122e-03  4.12013502e-03  4.44652883e-03  4.77292263e-03
  1.12999864e-02  7.36330795e-02  1.35966173e-01  1.98299266e-01
  2.60632359e-01  3.22965452e-01  3.85298545e-01  4.47631638e-01
  5.09964731e-01  5.72297824e-01  6.34630917e-01  6.96964010e-01
  7.59297104e-01  8.21630197e-01  8.83963290e-01  9.46296383e-01
  9.83697238e-01  9.21369144e-01  8.59041050e-01  7.96712956e-01
  7.34384862e-01  6.72056768e-01  6.09728674e-01  5.47400580e-01
  4.85072486e-01  4.22744392e-01  3.60416298e-01  2.98088204e-01
  2.35760110e-01  1.73432016e-01  1.11103922e-01  4.87758281e-02
  5.04969766e-03  4.72814882e-03  4.40659998e-03  4.08505113e-03
  3.76350229e-03  3.44195345e-03  3.12040461e-03  2.79885576e-03
  2.47730692e-03  2.15575808e-03  1.83420924e-03  1.51266039e-03
  1.19111155e-03  8.69562710e-04  5.48013868e-04  2.26465026e-04
  3.27498494e-05  3.07851716e-05  2.88204938e-05  2.68558161e-05
  2.48911383e-05  2.29264605e-05  2.09617828e-05  1.89971050e-05
  1.70324272e-05  1.50677495e-05  1.31030717e-05  1.11383939e-05
  9.17371617e-06  7.20903841e-06  5.24436064e-06  3.27968287e-06
  1.90524539e-06  1.12104818e-06  3.36850966e-07 -4.47346245e-07
 -1.23154346e-06 -2.01574067e-06 -2.79993788e-06 -3.58413509e-06
 -4.36833230e-06 -5.15252951e-06 -5.93672672e-06 -6.72092393e-06
 -7.50512114e-06 -8.28931835e-06 -9.07351556e-06 -9.85771277e-06
 -9.65209093e-06 -8.78658971e-06 -7.92108850e-06 -7.05558729e-06
 -6.19008607e-06 -5.32458486e-06 -4.45908365e-06 -3.59358243e-06
 -2.72808122e-06 -1.86258001e-06 -9.97078796e-07 -1.31577583e-07
  7.33923630e-07  1.59942484e-06  2.46492606e-06  3.33042727e-06
  3.40387854e-06  3.13787984e-06  2.87188113e-06  2.60588243e-06
  2.33988373e-06  2.07388502e-06  1.80788632e-06  1.54188761e-06
  1.27588891e-06  1.00989021e-06  7.43891502e-07  4.77892798e-07
  2.11894094e-07 -5.41046099e-08 -3.20103314e-07 -5.86102018e-07
 -6.05387256e-07 -5.62994127e-07 -5.20600999e-07 -4.78207870e-07
 -4.35814742e-07 -3.93421613e-07 -3.51028485e-07 -3.08635356e-07
 -2.66242228e-07 -2.23849100e-07 -1.81455971e-07 -1.39062843e-07
 -9.66697141e-08 -5.42765857e-08 -1.18834572e-08  3.05096713e-08
  3.54147542e-08  3.61544987e-08  3.68942432e-08  3.76339877e-08
  3.83737322e-08  3.91134767e-08  3.98532212e-08  4.05929657e-08
  4.13327102e-08  4.20724547e-08  4.28121992e-08  4.35519437e-08
  4.42916882e-08  4.50314327e-08  4.57711772e-08  4.65109218e-08]
Y-integrated concentration profile C(x) = $\int c(x,y), dy$ [-4.30746076e-05 -8.27168891e-06  2.65553987e-05  6.14066551e-05
  9.62820805e-05  1.31181675e-04  1.66105438e-04  2.01053370e-04
  2.36025471e-04  2.71021741e-04  3.06042180e-04  3.41086788e-04
  3.76155565e-04  4.11248510e-04  4.46365625e-04  4.81506908e-04
  1.14639879e-03  7.43948923e-03  1.37325823e-02  2.00256779e-02
  2.63187761e-02  3.26118769e-02  3.89049803e-02  4.51980864e-02
  5.14911950e-02  5.77843062e-02  6.40774200e-02  7.03705364e-02
  7.66636554e-02  8.29567769e-02  8.92499011e-02  9.55430279e-02
  9.93026148e-02  9.30072058e-02  8.67117908e-02  8.04163700e-02
  7.41209432e-02  6.78255105e-02  6.15300719e-02  5.52346273e-02
  4.89391769e-02  4.26437205e-02  3.63482582e-02  3.00527900e-02
  2.37573159e-02  1.74618358e-02  1.11663499e-02  4.87085800e-03
  4.67290549e-04  4.38811072e-04  4.10347611e-04  3.81900165e-04
  3.53468734e-04  3.25053320e-04  2.96653921e-04  2.68270537e-04
  2.39903170e-04  2.11551817e-04  1.83216481e-04  1.54897160e-04
  1.26593855e-04  9.83065656e-05  7.00352917e-05  4.17800335e-05
  2.38188111e-05  2.11153845e-05  1.83969775e-05  1.56635901e-05
  1.29152222e-05  1.01518739e-05  7.37354526e-06  4.58023616e-06
  1.77194664e-06 -1.05132330e-06 -3.88957366e-06 -6.74280443e-06
 -9.61101562e-06 -1.24942072e-05 -1.53923793e-05 -1.83055317e-05
 -1.88478534e-05 -1.70402547e-05 -1.52336537e-05 -1.34280505e-05
 -1.16234451e-05 -9.81983737e-06 -8.01722744e-06 -6.21561527e-06
 -4.41500087e-06 -2.61538423e-06 -8.16765359e-07  9.80855753e-07
  2.77747910e-06  4.57310469e-06  6.36773251e-06  8.16136257e-06
  8.37989777e-06  7.57075102e-06  6.76810682e-06  5.97196516e-06
  5.18232605e-06  4.39918949e-06  3.62255547e-06  2.85242400e-06
  2.08879508e-06  1.33166870e-06  5.81044867e-07 -1.63076417e-07
 -9.00695156e-07 -1.63181135e-06 -2.35642499e-06 -3.07453609e-06
 -3.06251674e-06 -2.74971210e-06 -2.44257612e-06 -2.14110881e-06
 -1.84531017e-06 -1.55518019e-06 -1.27071889e-06 -9.91926252e-07
 -7.18802283e-07 -4.51346982e-07 -1.89560349e-07  6.65576163e-08
  3.17006913e-07  5.61787542e-07  8.00899503e-07  1.03434280e-06
  9.86585293e-07  8.73883308e-07  7.64855614e-07  6.59502211e-07
  5.57823098e-07  4.59818276e-07  3.65487745e-07  2.74831504e-07
  1.87849555e-07  1.04541896e-07  2.49085274e-08 -5.10505502e-08
 -1.23335337e-07 -1.91945833e-07 -2.56882039e-07 -3.18143953e-07
 -2.84468187e-07 -2.42533462e-07 -2.02595703e-07 -1.64654909e-07
 -1.28711082e-07 -9.47642198e-08 -6.28143235e-08 -3.28613929e-08
 -4.90542806e-09  2.10535711e-08  4.50156045e-08  6.69806723e-08
  8.69487743e-08  1.04919911e-07  1.20894081e-07  1.34871286e-07]
2026-07-22 21:52:34| Saved at t = 0.9999999999999999
Step: 10/10.0| time step t=0.9999999999999999| Next Save=0.5499999999999999
Step: 10/10.0| time step t=0.9999999999999999| Next Save gaussian=2
Total runtime: 2.77 s
